100
6 3
1 2 3 1 2 3
6 2
1 2 3 1 2 3
6 3
1 2 3 1 2 3
6 2
1 2 3 1 2 3
6 3
1 2 3 1 2 3
6 2
1 2 3 1 2 3
6 3
1 2 3 1 2 3
36 5
1 2 3 1 2 3 1 2 3 1 2 3 1 2 3 1 2 3 1 2 3 1 2 3 1 2 3 1 2 3 1 2 3 1 2 3
6 3
1 2 3 1 2 3
6 2
1 2 3 1 2 3
6 3
1 2 3 1 2 3
6 2
1 2 3 1 2 3
6 3
1 2 3 1 2 3
6 2
1 2 3 1 2 3
6 3
1 2 3 1 2 3
6 2
1 2 3 1 2 3
6 3
1 2 3 1 2 3
6 2
1 2 3 1 2 3
6 3
1 2 3 1 2 3
6 2
1 2 3 1 2 3
6 3
1 2 3 1 2 3
6 2
1 2 3 1 2 3
6 3
1 2 3 1 2 3
6 2
1 2 3 1 2 3
6 3
1 2 3 1 2 3
6 2
1 2 3 1 2 3
6 3
1 2 3 1 2 3
6 2
1 2 3 1 2 3
6 3
1 2 3 1 2 3
6 2
1 2 3 1 2 3
6 3
1 2 3 1 2 3
6 2
1 2 3 1 2 3
6 3
1 2 3 1 2 3
6 2
1 2 3 1 2 3
6 3
1 2 3 1 2 3
6 2
1 2 3 1 2 3
6 3
1 2 3 1 2 3
6 2
1 2 3 1 2 3
6 3
1 2 3 1 2 3
6 2
1 2 3 1 2 3
6 3
1 2 3 1 2 3
6 2
1 2 3 1 2 3
6 3
1 2 3 1 2 3
6 2
1 2 3 1 2 3
6 3
1 2 3 1 2 3
6 2
1 2 3 1 2 3
6 3
1 2 3 1 2 3
6 2
1 2 3 1 2 3
6 3
1 2 3 1 2 3
6 2
1 2 3 1 2 3
6 3
1 2 3 1 2 3
6 2
1 2 3 1 2 3
6 3
1 2 3 1 2 3
6 2
1 2 3 1 2 3
6 3
1 2 3 1 2 3
6 2
1 2 3 1 2 3
6 3
1 2 3 1 2 3
6 2
1 2 3 1 2 3
6 3
1 2 3 1 2 3
6 2
1 2 3 1 2 3
6 3
1 2 3 1 2 3
6 2
1 2 3 1 2 3
6 3
1 2 3 1 2 3
6 2
1 2 3 1 2 3
6 3
1 2 3 1 2 3
6 2
1 2 3 1 2 3
6 3
1 2 3 1 2 3
6 2
1 2 3 1 2 3
6 3
1 2 3 1 2 3
6 2
1 2 3 1 2 3
6 3
1 2 3 1 2 3
6 2
1 2 3 1 2 3
6 3
1 2 3 1 2 3
6 2
1 2 3 1 2 3
6 3
1 2 3 1 2 3
6 2
1 2 3 1 2 3
6 3
1 2 3 1 2 3
6 2
1 2 3 1 2 3
6 3
1 2 3 1 2 3
6 2
1 2 3 1 2 3
6 3
1 2 3 1 2 3
6 2
1 2 3 1 2 3
6 3
1 2 3 1 2 3
6 2
1 2 3 1 2 3
6 3
1 2 3 1 2 3
6 2
1 2 3 1 2 3
6 3
1 2 3 1 2 3
6 2
1 2 3 1 2 3
6 3
1 2 3 1 2 3
6 2
1 2 3 1 2 3
6 3
1 2 3 1 2 3
6 2
1 2 3 1 2 3
6 3
1 2 3 1 2 3
6 2
1 2 3 1 2 3
6 3
1 2 3 1 2 3
6 2
1 2 3 1 2 3
6 3
1 2 3 1 2 3
6 2
1 2 3 1 2 3
6 3
1 2 3 1 2 3
6 2
1 2 3 1 2 3
